82
102
221
241
52
210
173
80
78
200
118
245
150
72
11
171
176
133
239
124
129
237
229
35
75
17
54
140
26
32
155
101
180
105
106
3
142
60
42
187
221
17
248
238
101
232
107
232
99
121
201
95
44
80
185
55
151
191
92
23
50
8
183
254
5
35
79
23
46
114
172
100
239
171
250
16
81
113
102
66
22
173
245
115
29
128
2
219
61
1
102
159
143
72
26
72
127
45
50
249
115
49
240
200
91
152
93
108
94
180
88
134
23
15
37
160
209
216
165
19
225
178
134
175
49
131
34
137
155
59
76
172
22
48
0
27
2
251
176
9
109
151
52
50
197
28
176
206
223
116
40
180
35
60
70
188
8
225
117
114
9
168
111
103
132
180
56
147
3
154
206
185
239
207
53
114
198
254
181
228
162
117
194
180
170
221
231
254
71
63
139
215
55
165
82
29
143
33
44
21
158
169
228
236
135
250
7
15
109
96
132
107
76
156
145
163
139
39
77
243
134
189
94
207
48
78
128
235
156
218
73
160
72
71
67
63
79
1
153
37
120
108
171
74
174
116
47
50
85
15
242
113
161
140
210
182
15
183
31
46
210
40
245
45
132
148
122
250
204
52
252
171
39
49
194
22
59
221
103
218
7
26
93
155
242
180
103
78
15
126
173
36
57
198
110
60
203
113
98
76
191
123
7
84
201
107
135
138
46
197
132
179
9
7
170
233
163
151
99
32
28
246
109
230
22
170
161
7
80
33
5
108
147
126
120
153
113
110
40
189
137
205
225
8
239
234
23
105
219
166
152
153
178
70
246
161
43
1
42
125
237
82
109
217
2
171
207
84
34
6
36
225
70
118
152
143
254
153
19
10
85
239
92
68
204
89
222
79
138
112
82
131
120
53
205
122
172
13
88
112
89
135
62
164
139
48
134
2
199
167
230
116
89
86
131
116
167
164
29
35
14
142
96
49
163
157
130
36
135
239
77
163
245
235
82
86
214
216
189
180
213
71
24
93
71
1
114
21
141
86
18
117
149
237
115
191
33
7
136
188
100
162
153
153
204
252
37
14
114
207
121
120
11
55
232
46
74
83
113
100
89
125
247
13
216
32
3
163
18
191
242
9
170
23
233
251
192
157
187
99
52
253
64
209
144
43
244
31
208
229
181
134
205
194
4
114
150
234
132
128
183
34
178
221
169
36
61
165
236
189
97
12
104
139
170
102
190
225
181
226
203
40
165
243
215
128
233
143
155
22
158
128
8
12
254
32
31
75
183
115
0
16
6
221
176
159
90
155
88
19
163
29
162
30
252
213
42
181
26
225
63
153
34
50
69
194
88
151
226
34
61
205
11
51
181
195
145
220
32
13
74
152
8
107
129
147
167
244
139
83
77
167
4
235
126
213
166
24
160
70
2
71
89
101
0
5
2
233
213
13
221
8
15
192
19
243
9
75
103
91
139
33
229
116
245
207
169
209
88
140
84
175
50
63
121
81
78
185
199
212
71
109
223
4
81
166
216
242
126
229
37
35
252
162
192
23
131
233
183
7
30
202
68
130
158
26
50
218
98
158
228
159
179
27
22
195
7
48
127
16
197
172
112
3
83
65
34
25
146
56
116
208
141
53
52
172
1
24
170
102
173
77
97
204
229
110
228
57
221
24
130
88
187
241
59
87
82
53
172
94
168
230
14
104
170
68
6
14
69
185
192
241
146
131
117
74
82
216
35
70
165
49
236
3
115
118
132
63
77
100
164
101
219
250
122
150
31
184
149
79
221
10
123
195
27
255
226
78
225
181
156
214
109
255
115
53
243
236
182
84
198
97
249
103
238
62
77
147
132
152
127
247
180
248
81
224
18
151
82
15
107
76
45
161
247
30
188
69
87
114
147
251
153
160
91
32
103
79
223
88
154
161
29
110
41
26
153
203
148
97
184
198
195
7
68
172
143
175
194
61
133
45
143
62
212
73
51
15
240
109
137
195
106
195
99
209
7
238
19
21
76
230
61
200
94
178
58
210
238
55
110
140
203
86
231
35
6
5
178
198
67
241
119
133
189
27
157
11
221
62
204
181
108
202
125
30
55
173
148
242
145
145
149
143
254
178
218
179
15
207
116
59
235
161
26
46
63
31
190
132
177
52
68
252
31
159
147
142
8
128
205
156
190
131
112
67
213
116
55
233
213
162
35
57
140
237
96
80
221
105
97
60
159
134
87
23
70
37
161
165
250
56
194
61
164
7
68
53
1
147
116
78
232
170
88
249
254
204
198
97
141
209
110
17
210
169
207
104
188
105
194
33
178
193
161
153
218
207
246
2
230
212
147
85
92
244
2
70
95
129
73
40
17
243
245
185
157
227
112
149
158
67
215
204
40
107
43
185
36
167
99
13
4
126
166
192
31
28
94
40
116
158
183
126
34
127
80
83
148
52
228
176
16
203
28
43
226
60
20
254
137
213
72
95
31
247
93
105
160
173
126
187
22
38
79
35
58
146
62
103
76
136
63
12
120
73
59
157
209
157
183
199
172
171
66
36
255
188
12
89
155
246
124
26
215
97
215
148
9
105
3
129
138
48
100
112
63
139
60
99
203
159
24
45
32
126
228
101
228
120
53
10
186
47
154
60
70
85
207
210
110
234
119
25
252
193
49
102
10
169
52
184
184
147
140
200
233
246
45
95
201
212
248
233
146
212
28
113
168
116
82
238
144
21
153
72
203
126
95
54
86
164
113
120
125
113
157
34
166
116
193
40
252
162
208
147
240
77
144
111
234
157
239
214
235
233
47
153
123
194
190
118
91
213
71
129
211
210
195
185
133
243
44
249
145
29
250
153
65
77
89
101
179
72
0
127
70
90
89
114
228
18
176
75
124
218
45
56
154
135
70
219
142
21
151
51
209
207
63
33
25
225
108
164
101
170
232
21
94
104
34
63
154
56
115
17
255
107
5
43
109
251
160
190
33
93
69
222
142
136
231
89
47
114
15
202
66
185
106
224
249
252
46
204
53
73
103
97
126
165
67
2
58
194
136
245
181
237
136
163
168
24
88
190
43
170
128
129
31
218
238
212
65
157
247
189
38
90
191
230
236
105
31
100
126
15
184
254
206
16
102
86
94
44
140
50
167
113
86
222
203
99
205
143
95
99
14
20
126
217
23
203
217
210
171
75
71
233
214
164
230
126
174
58
178
27
34
126
222
123
186
64
215
157
100
3
9
147
135
27
160
123
17
205
238
117
247
148
225
45
33
6
114
23
57
184
13
46
118
187
24
66
84
75
38
107
176
115
31
232
101
159
177
176
72
94
167
46
208
13
35
131
162
192
100
81
246
29
67
83
218
144
0
196
144
22
42
103
207
43
22
243
125
167
186
217
107
246
252
71
226
86
113
149
168
125
145
74
149
255
100
157
130
131
0
158
197
19
133
194
247
229
232
178
81
111
198
61
14
28
79
64
208
99
102
117
181
208
185
68
139
88
197
196
137
190
12
233
186
15
244
16
83
198
3
44
196
114
172
135
143
224
170
133
76
57
94
145
221
198
193
72
222
11
166
128
184
144
217
136
183
254
196
6
179
146
106
214
28
46
33
81
189
20
122
128
168
103
171
197
228
133
80
81
164
189
104
207
115
226
16
52
140
30
103
89
48
28
253
58
244
52
235
220
67
142
23
122
244
135
46
212
225
166
137
87
174
221
202
71
77
170
113
214
16
151
42
19
107
90
142
39
211
168
179
18
164
253
222
139
201
152
136
132
225
137
102
138
76
232
48
191
158
241
52
215
6
252
98
55
203
32
66
144
73
187
238
166
201
224
9
155
186
210
111
191
68
228
96
166
104
252
192
26
175
22
229
128
154
198
131
135
91
238
36
194
227
129
125
135
244
74
185
1
246
3
65
135
51
163
232
229
100
119
40
150
247
88
83
85
39
23
32
74
245
213
30
41
206
0
128
15
33
131
21
212
84
184
253
132
116
223
143
239
112
190
227
109
3
196
171
226
238
222
121
2
84
7
118
58
72
58
231
253
128
70
21
35
182
25
254
153
138
6
253
247
30
249
131
40
137
102
218
69
233
149
137
230
18
64
251
113
4
179
251
245
70
9
29
32
112
46
108
62
61
3
149
86
127
117
59
152
254
81
232
176
205
140
223
52
193
104
246
168
213
97
112
39
183
161
255
150
68
141
207
34
251
181
200
224
20
45
168
59
69
59
255
52
38
160
35
173
87
110
221
154
31
158
119
233
93
56
197
185
112
230
177
161
137
112
238
234
178
216
19
227
52
173
131
22
16
117
105
245
28
144
25
154
74
177
108
221
193
195
123
55
194
184
85
228
114
54
247
220
84
39
120
109
170
26
173
74
222
242
38
21
161
72
248
140
207
119
157
76
210
6
166
135
235
194
185
248
5
237
152
67
33
121
86
199
118
85
65
21
90
197
125
177
80
158
204
190
80
58
170
172
251
8
101
174
95
2
185
212
146
95
20
60
213
96
72
145
196
235
45
107
31
89
14
176
25
23
12
101
68
62
38
101
41
142
190
216
244
231
254
46
24
119
20
235
24
168
242
78
51
210
219
140
11
254
194
207
195
10
111
39
155
106
91
11
64
112
224
149
242
3
232
134
47
47
117
252
33
197
230
80
18
149
57
7
22
101
1
39
56
148
18
20
50
244
180
58
116
243
39
119
45
115
117
237
237
3
216
215
192
54
154
13
26
149
116
196
151
233
136
195
213
143
234
70
112
231
229
222
67
120
75
149
0
156
28
32
66
9
98
47
22
154
58
85
233
255
198
56
82
198
0
11
102
116
59
87
20
149
130
44
45
41
49
75
129
146
88
49
112
136
85
210
14
163
125
67
152
204
57
23
166
55
82
45
255
135
167
180
122
249
15
106
234
96
63
30
196
144
138
219
191
94
231
16
131
93
180
9
188
200
38
239
178
83
120
15
226
137
213
149
153
8
128
123
215
67
104
205
133
207
118
21
14
62
165
202
51
225
226
8
82
255
13
180
80
75
19
18
225
181
192
248
29
111
165
217
99
224
26
239
189
93
231
183
195
210
144
237
162
46
82
119
132
27
235
165
200
35
75
9
132
235
152
145
28
118
4
51
168
29
88
165
212
56
113
172
91
230
210
212
145
11
51
101
131
122
186
249
15
61
71
12
22
238
196
247
163
8
89
209
157
102
132
109
177
53
97
121
15
128
76
30
136
26
140
224
136
66
209
156
110
151
112
174
98
123
27
235
220
148
7
141
126
202
203
184
154
107
197
14
107
31
48
161
185
137
22
45
117
45
137
104
77
126
241
157
155
46
254
109
38
37
180
64
76
200
175
112
56
172
63
140
243
79
9
110
165
228
170
156
173
252
4
142
196
16
10
208
201
154
69
241
3
225
49
159
110
112
25
135
167
50
104
102
244
247
172
99
125
72
55
202
193
131
191
16
127
13
43
78
89
172
164
35
231
86
227
160
38
226
118
163
216
35
138
182
233
5
212
39
236
58
194
245
248
85
227
205
236
242
181
151
222
105
19
188
90
176
6
47
138
67
33
214
220
172
2
120
16
227
34
250
22
141
18
218
199
185
160
209
98
83
165
248
84
168
212
204
126
63
137
240
187
189
145
25
227
94
231
40
77
214
149
91
7
237
100
63
4
139
83
54
116
212
181
242
214
167
206
76
58
139
49
91
218
192
115
188
244
1
160
133
169
181
234
251
46
50
208
72
114
158
60
32
80
103
199
215
254
50
151
51
82
199
109
17
8
106
69
54
202
15
242
170
19
121
163
251
62
186
176
160
44
236
94
10
158
208
65
114
44
59
62
13
108
139
104
169
79
165
38
154
1
165
68
182
214
230
147
181
68
207
119
13
118
67
44
250
231
6
221
4
66
98
221
215
7
47
47
86
93
130
222
220
163
244
42
85
89
173
213
224
176
250
208
142
43
142
238
57
149
76
57
170
186
53
90
10
217
114
57
176
250
105
56
136
123
128
62
234
72
211
158
36
15
44
114
34
165
194
130
69
147
27
219
184
184
27
98
212
201
124
217
216
115
28
172
194
15
87
114
219
38
219
115
149
135
6
181
15
199
8
62
51
84
184
58
183
224
79
89
2
243
55
123
111
165
185
51
169
199
199
45
78
132
247
185
219
47
4
85
234
148
95
67
82
114
117
164
230
86
62
231
6
150
242
88
184
89
24
163
197
105
246
11
145
99
141
31
16
174
175
182
137
245
27
70
16
66
126
136
89
170
1
192
124
135
241
247
36
3
110
146
142
155
48
78
1
224
79
100
191
205
155
143
30
71
156
214
88
30
35
69
176
236
230
90
218
173
128
163
209
44
222
32
9
63
28
143
117
228
221
56
189
45
67
59
222
241
229
163
101
18
230
133
19
104
25
108
10
171
232
71
95
139
251
199
120
59
82
223
230
164
10
194
194
249
90
192
145
106
92
221
189
90
40
16
94
139
12
143
51
88
187
175
152
218
27
88
132
172
232
137
236
102
1
200
185
49
130
243
49
192
174
136
185
59
193
86
73
27
118
13
123
131
230
38
84
158
123
90
7
140
162
158
83
54
9
0
12
98
150
205
227
123
127
98
93
182
225
251
243
120
190
21
199
3
152
141
202
199
39
56
75
242
9
237
146
15
251
201
176
94
163
183
158
236
245
9
73
161
248
168
7
88
158
205
32
220
46
135
37
206
20
228
144
115
107
200
85
209
64
35
72
248
222
53
183
127
253
249
25
60
138
205
54
107
131
199
29
48
115
16
156
180
96
202
41
243
202
67
192
163
146
203
85
197
213
132
61
144
197
187
84
37
103
170
191
231
78
177
150
138
36
145
97
211
188
40
166
139
46
219
60
166
135
177
243
51
148
252
127
202
80
44
235
129
5
174
211
209
200
63
226
28
61
95
180
11
128
109
88
139
163
226
145
88
102
79
16
40
140
249
125
237
195
204
124
71
72
118
254
157
50
22
217
92
97
211
52
200
147
11
157
30
66
4
120
199
220
99
58
122
238
159
190
42
187
95
217
69
80
213
183
42
203
47
93
234
10
130
32
196
59
29
195
168
94
45
45
57
156
141
31
172
200
196
4
113
31
101
130
7
75
196
193
63
113
99
23
47
78
181
159
15
153
205
130
181
47
41
22
72
247
117
248
77
222
62
219
61
14
101
5
169
6
23
55
2
196
220
139
138
67
237
113
53
66
6
216
217
91
117
117
110
21
152
76
133
30
192
140
106
87
94
171
124
202
161
185
206
99
166
236
137
134
167
203
108
8
30
243
105
65
80
167
202
155
3
84
145
68
57
68
48
227
199
144
92
229
250
17
145
122
66
184
152
154
203
156
79
19
77
127
63
175
145
12
111
15
106
229
111
207
152
48
185
243
18
90
167
5
48
235
133
199
187
170
19
55
164
31
101
75
195
96
87
112
94
99
57
124
251
16
173
163
152
83
172
230
187
2
152
101
87
12
31
232
253
122
139
199
26
238
52
98
121
156
140
76
22
231
24
253
49
188
83
90
160
164
163
4
239
197
215
27
206
32
10
208
236
175
188
10
10
190
111
189
168
201
17
47
192
136
186
17
134
67
114
98
157
104
46
58
227
73
51
127
89
210
156
89
174
46
4
212
158
175
53
119
213
198
21
215
92
101
16
19
245
205
87
204
102
142
37
118
88
87
14
17
36
228
179
232
122
53
114
233
74
68
252
59
215
120
233
113
136
133
64
37
10
164
106
54
130
77
237
82
172
235
216
30
190
223
146
202
88
78
93
116
214
206
95
96
155
43
160
10
188
82
84
32
142
63
82
48
171
66
231
3
171
171
193
243
152
10
187
158
185
208
184
221
226
120
123
142
50
218
31
225
249
96
2
100
227
248
24
108
176
62
58
127
44
239
29
80
37
35
99
73
209
155
147
200
69
153
201
80
63
64
113
198
147
116
79
30
69
103
244
40
235
18
95
220
234
43
235
216
153
200
0
147
40
167
54
91
117
131
136
81
24
144
191
163
214
227
204
135
2
204
104
93
202
10
58
26
125
15
82
224
116
158
206
236
242
197
163
183
249
12
206
252
180
24
20
107
219
80
217
149
56
82
57
119
30
242
78
94
93
244
157
251
162
19
218
55
105
40
140
117
43
255
167
144
53
34
244
148
85
222
72
77
147
34
116
212
209
108
223
219
84
141
87
21
25
238
205
227
57
163
212
230
91
128
104
55
63
94
110
88
175
109
172
197
194
248
247
88
118
116
137
122
174
10
237
114
214
157
55
169
85
177
206
88
39
200
198
17
106
109
192
174
231
29
133
246
48
132
95
219
146
3
55
51
82
251
20
104
57
166
91
102
233
77
162
169
85
53
195
160
206
35
103
214
208
46
74
109
241
59
247
209
108
162
108
143
56
55
37
188
38
244
225
32
10
78
110
132
196
242
166
238
181
51
241
94
68
68
199
5
93
199
255
154
9
28
134
59
54
118
95
252
50
14
128
238
10
23
158
73
163
102
168
139
113
164
44
230
33
83
62
227
229
172
44
234
158
71
239
228
103
149
113
184
229
49
191
171
85
56
25
145
97
153
168
35
249
31
98
88
128
21
154
165
94
209
100
26
237
10
135
196
83
80
149
125
185
231
44
192
206
210
14
81
139
39
210
204
129
171
19
25
81
107
19
43
217
204
7
208
235
28
171
250
218
228
80
115
244
193
255
135
205
231
102
213
109
108
98
197
41
159
166
33
246
109
123
205
233
155
37
159
206
97
87
11
149
36
39
14
96
222
123
206
217
159
101
64
38
186
152
6
77
17
223
68
140
74
71
2
194
74
224
102
230
9
26
135
34
213
189
4
226
132
64
85
27
179
212
11
171
21
87
57
181
59
134
220
249
250
84
76
242
195
12
34
155
26
94
206
147
157
152
124
235
109
211
14
209
39
122
134
66
193
255
221
3
205
66
218
98
36
200
141
195
23
167
136
58
157
42
15
110
89
209
93
80
29
209
181
208
29
228
205
136
27
60
121
60
204
180
84
204
91
198
61
169
172
207
161
249
200
103
208
131
20
121
103
197
164
184
162
134
64
33
69
137
144
113
0
181
85
19
11
199
236
202
100
49
62
228
62
0
26
190
0
224
36
229
225
185
99
149
133
151
59
124
245
178
158
32
10
168
29
9
121
188
91
249
219
51
60
193
87
128
64
83
242
84
117
161
130
184
89
166
74
98
94
33
139
217
7
119
139
208
191
175
152
74
61
60
138
176
242
97
215
105
149
99
173
118
118
183
116
216
17
144
51
75
142
167
254
83
243
138
3
208
190
139
196
18
107
154
109
152
156
174
24
53
3
63
198
155
155
48
161
5
94
153
201
63
66
151
187
149
82
181
48
146
77
179
135
105
33
246
25
24
193
134
237
129
108
234
206
160
15
143
41
156
172
58
159
71
239
37
51
70
34
177
200
186
133
82
149
51
127
132
47
174
247
155
230
247
177
222
72
21
63
165
152
54
15
34
100
239
125
194
13
73
16
244
40
195
125
80
13
96
113
220
33
191
44
151
130
189
16
152
223
93
236
12
86
85
114
65
171
247
60
52
72
115
22
199
10
109
226
147
74
196
91
222
108
245
138
35
165
176
165
55
6
181
29
116
196
232
230
40
235
18
37
253
33
214
97
19
210
191
136
172
227
65
35
251
47
202
159
198
93
72
109
67
233
250
113
176
185
133
193
172
137
92
136
85
56
117
81
209
82
96
135
236
23
5
37
15
2
50
110
195
235
206
21
193
185
6
21
241
218
63
28
98
203
11
137
70
66
213
10
238
69
27
233
14
231
169
82
21
175
238
120
172
199
54
82
121
231
98
2
235
215
209
238
7
220
167
20
217
182
189
15
138
53
28
133
177
19
184
76
127
32
26
65
221
230
179
228
244
43
132
43
94
237
90
183
78
56
164
99
213
220
195
247
83
156
225
5
255
126
137
81
0
6
165
119
94
151
2
201
39
22
111
10
52
183
146
141
209
173
114
23
180
151
45
31
136
168
150
255
214
213
40
96
19
72
7
205
11
41
135
206
108
75
129
239
58
206
223
73
242
114
107
102
193
31
93
11
151
223
56
238
169
75
67
153
16
11
191
85
6
72
71
241
67
111
47
202
235
12
188
172
46
239
62
134
26
1
111
111
120
228
33
112
64
53
215
49
20
190
1
34
72
115
255
118
177
252
61
164
46
144
250
8
103
177
165
245
223
88
168
59
174
240
36
110
183
248
61
87
193
141
23
0
22
161
225
26
233
22
186
26
17
90
2
173
225
96
165
146
107
136
138
55
10
30
95
241
22
150
138
15
92
230
17
223
127
79
66
146
5
75
79
57
64
68
87
186
144
86
181
161
147
34
195
49
55
127
91
172
29
211
164
181
53
19
154
145
243
113
29
212
176
181
250
254
215
174
110
158
149
38
98
227
203
39
146
79
136
60
206
100
132
205
169
171
153
175
204
114
14
207
9
101
133
4
227
84
42
225
84
201
171
79
5
42
108
95
214
148
207
75
244
132
53
219
242
88
159
67
197
7
149
72
222
159
242
90
10
106
233
86
221
86
72
133
50
96
56
227
248
124
179
177
145
33
67
227
116
249
129
18
201
143
247
44
69
196
213
239
248
130
209
40
147
67
156
154
167
66
216
89
35
29
34
13
102
140
189
44
107
155
96
8
117
84
208
99
8
100
185
218
149
125
20
44
171
39
140
114
71
30
198
20
0
235
34
225
250
234
55
232
247
235
191
122
58
247
204
110
109
157
120
226
47
228
159
198
127
140
166
39
42
140
218
186
70
235
23
154
127
211
48
85
50
208
58
68
143
14
77
66
107
34
132
116
59
98
244
207
206
130
47
206
78
118
123
6
175
246
107
140
90
43
169
205
129
122
112
172
243
56
50
167
145
33
146
185
105
105
124
180
87
222
220
62
238
85
15
189
46
172
29
41
27
163
166
193
212
119
62
122
165
19
60
23
186
219
39
121
36
80
200
217
0
109
78
203
2
235
91
145
186
229
97
69
149
118
227
121
112
112
123
179
148
19
235
70
72
1
4
60
69
47
98
122
217
64
164
78
62
68
114
165
86
46
21
193
96
232
220
187
218
196
124
9
126
10
233
228
20
21
217
62
93
239
252
232
153
95
45
166
133
173
31
240
6
43
31
59
9
152
177
16
251
63
5
120
36
95
214
6
209
150
105
61
160
179
123
91
114
98
207
63
244
86
121
75
146
189
79
188
255
48
103
77
46
44
100
113
78
66
222
93
208
223
57
50
251
95
200
163
108
247
108
13
0
170
59
99
122
27
12
193
184
75
74
253
39
76
219
254
79
199
215
220
158
81
84
92
9
33
183
79
43
115
128
55
137
150
119
119
73
84
185
139
102
100
180
108
126
32
72
214
214
141
139
44
230
242
175
177
151
70
161
23
6
102
86
123
128
140
133
105
37
242
187
40
116
40
60
177
246
119
216
159
9
238
186
196
87
149
241
170
223
136
188
55
56
222
55
59
61
137
193
14
115
127
201
239
23
173
151
4
182
167
253
149
40
246
16
213
78
119
142
60
147
19
75
161
61
212
183
112
90
36
160
10
232
81
45
97
146
133
131
13
94
125
167
51
1
86
75
185
59
180
251
128
102
81
211
36
140
81
35
251
162
226
88
27
220
153
138
197
138
8
216
31
189
208
221
97
114
141
205
188
15
84
246
108
103
248
44
213
93
54
14
186
110
197
244
106
194
0
219
142
139
128
1
97
247
201
30
71
30
12
173
165
63
148
108
94
120
213
61
54
182
188
49
188
166
9
70
181
89
190
142
7
57
32
59
223
81
199
233
221
6
52
136
107
222
57
224
177
139
227
205
29
180
87
243
152
146
43
232
143
171
197
125
120
90
68
172
60
181
160
240
90
226
167
0
161
239
206
255
195
37
182
183
2
151
52
186
117
83
239
246
145
224
105
255
129
12
147
170
32
63
54
136
19
150
207
209
78
216
17
217
142
40
90
28
167
53
172
64
64
95
143
172
193
13
88
16
169
4
63
149
74
79
247
73
142
225
17
19
69
65
126
152
9
45
140
121
79
230
131
87
114
170
198
252
61
212
19
241
124
4
204
221
226
148
51
7
39
148
51
76
204
250
232
83
116
188
70
141
210
236
32
78
142
81
65
210
71
101
192
9
60
63
152
46
37
14
48
179
94
26
87
140
233
6
198
39
62
67
9
239
80
218
52
112
119
62
101
68
192
56
192
102
150
44
90
72
105
76
140
12
35
207
215
38
201
11
71
142
249
191
228
18
53
194
15
136
228
103
228
144
125
237
199
212
153
49
57
248
34
248
169
155
163
21
237
159
65
84
89
204
118
231
145
151
125
127
129
226
40
23
53
165
43
75
169
147
200
128
65
135
194
33
160
58
133
60
42
3
98
93
53
143
244
223
164
15
254
188
187
189
138
126
210
40
180
130
211
151
10
107
243
185
248
178
255
90
197
177
27
223
175
254
71
151
197
14
224
50
192
21
216
94
87
243
83
78
122
19
104
145
155
205
68
126
17
103
4
142
106
162
138
184
142
0
45
152
16
196
168
36
103
39
100
47
189
10
10
64
174
252
228
73
111
245
73
172
117
189
13
34
17
162
212
189
202
12
59
100
228
186
21
200
210
177
79
152
193
102
83
130
79
250
199
218
61
4
2
12
244
164
238
248
241
225
107
137
253
217
154
172
223
79
105
244
215
78
11
95
84
254
42
187
239
11
134
41
66
113
212
148
127
135
165
3
242
29
17
138
49
140
214
150
244
14
132
2
178
10
6
80
103
215
68
7
244
103
163
232
35
145
250
19
242
243
48
116
17
13
137
127
9
226
39
61
220
205
119
47
182
58
234
167
7
242
161
128
94
22
252
170
16
41
101
223
15
87
215
185
148
161
141
87
178
41
166
224
113
221
25
237
151
21
73
253
2
133
119
1
81
93
30
185
37
246
193
99
30
81
214
235
254
250
50
0
16
183
187
164
107
251
221
92
60
20
136
2
144
86
106
166
84
4
45
82
117
78
206
139
84
216
204
196
238
122
111
98
116
246
239
68
144
76
202
217
227
221
230
227
232
13
162
199
64
63
242
206
160
110
171
128
127
105
103
39
93
51
38
164
2
213
149
103
184
255
108
122
79
143
183
186
23
13
131
16
159
246
202
221
102
62
210
236
38
32
109
99
49
116
64
27
20
233
224
246
142
4
189
19
219
211
179
243
34
100
100
91
203
241
156
172
11
133
254
191
83
170
65
162
1
98
166
139
170
5
61
11
210
117
101
55
2
60
8
42
58
55
240
95
250
97
151
94
166
39
147
168
255
238
82
215
75
183
62
75
110
200
84
176
76
0
41
52
137
201
7
152
31
201
242
17
34
174
100
169
64
237
105
159
223
143
8
137
218
16
207
16
162
231
26
69
15
83
212
15
219
103
165
14
123
160
166
122
210
117
132
145
121
153
90
94
142
153
216
162
141
190
159
240
114
236
147
92
183
54
188
60
104
180
188
186
124
51
224
255
116
171
91
107
208
206
60
225
231
164
110
152
95
68
232
197
166
22
192
10
207
122
243
222
93
250
0
43
193
209
25
236
82
209
48
192
156
219
86
131
176
84
36
166
84
41
32
114
0
122
190
242
236
49
248
86
213
3
88
197
170
60
162
193
118
123
6
65
212
159
116
231
228
8
124
220
93
244
230
149
221
109
196
174
235
127
2
130
255
100
8
60
188
183
198
220
18
168
214
132
224
33
25
172
227
55
188
167
175
72
79
42
171
59
48
121
88
50
253
30
226
26
60
185
180
16
194
232
136
241
198
110
187
65
86
30
88
94
39
59
203
194
127
227
245
80
141
230
63
218
163
83
211
171
28
196
49
162
229
115
108
180
214
199
97
244
59
198
209
37
207
154
129
82
198
58
219
181
131
20
19
110
145
201
213
222
209
226
168
205
178
60
29
52
121
34
192
163
114
80
182
202
81
230
58
207
3
146
8
83
30
208
126
139
140
121
95
23
97
137
252
46
159
203
167
155
245
34
79
237
233
4
103
235
211
136
136
155
109
109
186
32
127
69
170
249
240
237
17
57
37
164
2
157
247
5
212
249
179
103
157
93
245
87
129
185
182
104
62
241
158
169
0
141
44
141
157
23
1
235
66
91
115
200
14
41
152
51
32
117
130
142
110
219
138
45
239
177
163
148
240
236
206
226
99
18
23
209
38
56
237
127
91
9
52
22
79
196
202
105
224
230
163
231
110
169
101
249
215
91
124
66
231
222
152
233
193
80
237
32
123
71
206
86
122
175
87
140
213
227
200
152
225
123
160
215
36
92
47
5
1
189
11
121
56
83
131
150
147
66
87
238
173
247
221
129
191
76
151
148
170
155
166
230
55
88
59
56
193
13
213
164
143
185
215
64
213
106
138
219
118
135
62
111
130
160
18
238
250
243
106
127
93
167
35
228
73
220
15
132
124
197
92
28
233
68
219
163
101
226
116
15
166
115
229
119
11
42
84
245
37
155
190
179
122
128
99
22
70
105
250
172
36
88
156
83
230
196
252
82
129
174
1
91
184
100
119
107
78
131
160
80
145
10
9
69
64
48
68
193
130
216
4
241
237
175
37
21
224
229
72
90
211
35
195
2
66
205
115
189
12
116
175
46
178
69
132
69
74
198
131
159
173
23
63
171
118
39
199
124
248
79
117
135
254
105
205
121
196
134
145
28
11
112
195
32
110
60
90
84
216
125
237
28
87
208
79
112
31
29
148
190
243
42
200
7
221
102
214
190
62
99
35
189
226
242
143
34
250
193
54
178
65
98
215
49
22
238
94
93
86
248
240
232
133
161
255
82
235
206
251
231
120
83
198
210
131
61
208
66
15
73
25
87
255
143
119
198
3
169
59
59
202
88
204
162
160
19
100
85
108
247
177
1
6
199
46
21
250
169
229
13
85
135
12
212
155
225
10
77
7
189
115
148
73
209
106
184
158
57
88
174
92
235
80
168
245
245
1
159
195
28
44
125
246
106
127
116
21
137
69
68
226
200
185
28
119
95
223
40
90
229
99
110
229
102
107
226
113
207
177
71
162
219
204
234
217
87
50
125
190
232
29
38
209
31
221
72
117
59
138
48
20
60
246
173
222
115
239
118
63
77
198
107
243
253
11
51
186
161
10
129
214
105
156
163
128
57
60
142
193
140
181
16
173
254
247
176
52
7
121
84
145
32
2
8
111
104
135
103
168
236
121
77
53
156
145
159
233
83
200
81
235
25
183
199
179
97
149
238
29
223
106
201
201
140
159
201
115
84
84
220
24
64
209
149
6
249
142
168
229
130
169
231
158
68
75
19
97
55
115
255
210
25
3
170
205
69
1
211
243
235
152
141
93
220
203
89
145
24
52
146
191
111
232
182
136
60
108
215
40
120
243
106
84
223
162
154
180
156
23
84
144
77
190
169
135
12
41
91
152
40
249
116
14
162
237
138
19
195
175
128
213
216
41
248
82
180
93
11
245
248
177
176
173
1
212
147
184
199
230
222
185
86
109
158
9
99
206
24
185
235
180
132
167
61
169
204
69
50
103
239
194
152
159
235
12
254
63
153
199
170
6
19
117
29
131
154
102
20
212
61
241
241
86
21
81
10
249
2
144
215
178
159
125
24
207
40
203
220
75
210
214
68
202
15
17
64
34
225
215
3
153
81
192
233
11
193
70
116
9
222
152
239
160
184
108
65
141
87
244
153
176
122
213
64
106
244
100
127
95
162
136
223
238
109
243
8
235
199
59
198
122
131
205
235
234
200
189
83
9
164
78
131
92
48
45
110
169
91
149
161
3
120
16
95
184
215
29
241
181
1
120
210
69
44
251
228
143
237
194
176
183
197
185
162
75
9
179
240
115
55
136
151
119
173
245
213
96
30
146
33
92
17
221
239
74
36
19
204
2
228
34
246
3
96
60
77
45
94
43
218
70
161
113
30
12
217
132
49
70
162
169
225
23
243
29
189
108
144
185
31
228
169
120
22
7
253
49
29
134
255
114
24
143
157
224
31
182
93
36
218
204
214
163
200
179
92
35
133
120
49
171
16
193
211
48
81
241
207
195
86
142
104
67
236
143
245
129
116
29
108
215
126
187
27
170
212
82
4
127
119
252
60
60
106
5
138
163
4
249
139
44
119
249
228
24
84
221
234
239
159
53
126
23
116
111
235
250
49
71
233
95
100
240
240
127
68
169
106
191
117
95
103
234
229
229
12
229
173
118
6
152
165
145
46
181
43
98
161
173
112
195
38
254
196
133
13
133
71
175
149
68
158
41
115
243
0
98
147
134
111
88
193
197
242
28
181
73
120
38
255
210
8
107
50
195
244
233
206
33
193
225
217
10
206
247
108
90
80
82
79
91
15
23
93
32
200
144
137
151
104
170
186
43
117
129
3
212
39
67
180
189
253
63
213
251
11
20
231
49
73
95
30
227
28
234
25
110
227
148
76
168
243
130
231
163
149
136
20
67
192
215
55
108
34
206
228
48
99
132
49
163
175
163
87
15
52
196
38
2
6
36
188
125
90
12
20
156
235
30
129
244
246
21
127
61
206
182
111
40
131
134
77
126
31
105
201
233
132
211
238
170
30
49
141
135
124
19
251
145
233
195
155
190
15
155
151
169
54
161
112
115
54
203
80
5
19
18
253
227
76
190
158
124
19
190
229
218
183
61
222
108
11
211
62
127
164
238
30
174
11
254
206
137
132
124
154
15
255
105
129
96
194
78
57
142
232
165
69
200
56
54
207
109
129
136
139
167
238
212
8
3
49
121
184
112
163
111
14
161
125
145
24
196
101
99
188
44
186
40
163
216
100
95
143
142
79
127
182
190
52
110
146
205
59
234
252
126
176
163
33
214
246
2
197
163
67
90
75
254
169
76
80
1
188
100
143
62
116
5
229
127
17
126
35
55
58
156
225
140
168
154
153
14
11
137
29
128
62
72
62
27
221
133
183
186
45
55
93
12
53
54
43
95
40
7
9
19
179
123
229
121
208
116
47
232
160
236
28
139
123
14
100
126
116
3
101
146
200
225
76
110
185
11
176
122
236
242
100
79
170
17
186
53
54
15
250
103
62
108
102
220
206
9
160
231
37
158
134
107
31
99
134
251
57
160
66
44
115
152
145
145
218
203
103
26
126
132
219
186
190
116
157
81
168
223
26
65
156
228
24
113
165
145
157
91
247
11
200
231
41
38
147
115
178
223
49
205
74
6
141
18
183
210
229
146
229
32
97
194
129
161
158
218
39
30
94
225
161
213
87
232
242
209
177
0
186
162
160
183
153
138
74
54
25
52
122
11
192
205
185
6
155
11
239
20
57
216
222
79
178
58
220
223
231
0
144
115
227
40
28
71
147
127
47
219
2
157
22
158
223
0
173
111
17
54
58
25
164
95
195
248
253
164
84
14
34
178
226
100
61
235
202
241
122
17
30
74
203
145
234
14
224
201
147
65
244
172
31
24
160
221
144
127
127
236
156
95
248
96
162
209
144
34
167
36
205
101
100
212
88
69
104
67
126
136
23
169
166
34
223
109
219
209
250
139
59
87
58
166
184
174
83
93
12
30
124
124
42
230
118
247
10
132
75
214
219
252
205
196
83
248
158
38
211
237
253
49
59
75
155
158
20
102
50
170
33
166
143
51
33
108
145
70
237
162
191
138
227
126
0
53
78
31
207
134
36
69
236
112
30
93
198
227
10
87
225
135
180
113
105
176
2
207
132
208
185
247
68
78
181
111
14
226
96
75
112
31
199
35
249
116
57
61
221
140
21
12
25
22
109
172
153
32
30
163
70
202
28
36
30
82
245
199
62
6
16
192
156
6
208
31
205
82
230
83
210
6
6
231
157
153
107
143
79
56
77
54
213
91
255
103
114
218
210
57
24
37
65
105
235
40
55
112
151
203
134
219
175
252
88
178
214
198
198
176
41
218
224
17
34
243
154
227
87
231
103
222
81
174
187
213
6
197
172
55
64
138
115
207
246
57
106
40
168
109
224
179
32
84
104
162
103
100
198
126
94
235
172
140
94
236
199
98
22
195
130
24
238
121
156
64
133
248
159
161
195
245
31
215
79
175
66
187
58
226
22
121
37
254
31
93
218
90
15
252
175
183
42
49
234
139
50
218
228
17
253
162
23
186
185
180
169
197
15
168
95
58
53
127
8
195
186
242
75
76
38
28
161
245
133
119
180
163
57
194
63
189
64
171
101
220
227
145
27
32
98
190
240
73
181
61
28
151
100
161
160
217
24
94
246
84
209
250
37
58
24
102
253
235
245
33
22
209
52
8
250
139
101
2
221
78
5
118
218
69
135
175
51
160
57
193
229
97
72
202
255
102
56
83
192
0
218
151
225
165
255
8
0
171
201
64
222
54
147
134
13
132
85
116
78
89
62
159
213
238
247
245
220
141
70
123
88
252
165
114
224
154
48
31
255
248
178
59
0
230
239
155
62
4
154
161
223
121
9
37
91
156
248
88
53
71
48
222
80
40
10
199
251
204
197
148
188
13
201
115
22
94
189
178
122
181
199
230
3
225
12
103
11
116
193
205
22
127
111
97
99
197
28
100
17
252
6
233
26
15
186
70
203
142
45
248
87
41
153
101
23
233
157
37
67
100
251
237
185
243
3
21
95
123
23
235
151
209
146
89
193
118
208
127
101
160
42
249
198
26
197
4
22
95
186
82
83
58
131
179
233
141
185
25
149
253
6
42
5
66
235
97
32
71
178
151
206
181
255
115
87
234
247
252
152
191
239
210
239
164
172
176
1
199
119
203
114
191
23
140
147
108
112
254
170
76
190
57
141
84
138
31
60
131
138
29
166
218
11
38
153
43
134
171
65
16
205
146
154
174
63
126
55
233
110
4
221
30
163
204
100
60
113
5
179
56
171
222
142
99
78
148
150
175
103
119
133
143
188
149
67
237
3
190
208
78
67
19
163
231
68
141
42
246
103
20
126
123
231
100
89
52
127
186
240
65
67
53
241
21
241
158
176
215
139
16
81
71
111
65
121
73
151
180
133
228
165
129
224
138
148
1
138
60
10
224
152
49
182
116
206
217
212
65
199
46
41
148
174
44
238
214
137
18
152
33
85
102
201
110
252
230
201
27
210
1
176
71
80
127
236
219
155
119
142
68
99
142
94
3
237
213
101
225
198
226
155
231
89
144
175
53
86
147
132
19
4
11
40
208
114
191
79
247
30
202
133
189
236
218
8
248
12
193
157
195
17
169
214
172
212
188
253
23
85
16
225
215
57
54
58
198
110
31
199
16
94
13
46
209
208
27
76
47
168
194
17
159
49
66
12
220
114
91
0
45
183
225
167
141
187
251
217
131
59
17
236
0
71
236
57
11
7
43
137
211
140
228
11
70
13
19
202
172
239
18
145
132
121
176
206
242
101
25
20
111
120
42
197
153
146
19
38
162
11
50
41
200
228
149
139
87
218
19
235
198
131
188
126
151
247
108
234
140
218
129
90
198
54
199
254
218
194
43
240
250
50
123
164
26
10
38
227
26
160
34
7
164
41
227
231
208
197
197
226
97
244
102
220
244
170
191
78
128
91
193
156
243
18
6
99
128
202
149
146
88
51
35
255
94
53
157
66
19
40
59
233
131
35
243
164
113
103
2
221
101
147
255
124
1
96
250
90
199
142
178
78
48
187
33
38
226
233
127
75
49
19
131
145
51
22
81
92
76
58
90
131
196
236
127
31
187
195
146
81
59
55
70
136
146
201
191
36
33
98
202
77
60
204
151
103
141
5
36
116
20
186
160
45
35
146
22
11
168
220
61
73
253
176
150
253
197
25
124
238
250
190
104
126
199
60
17
81
231
142
45
105
139
171
194
204
54
20
7
173
122
109
60
120
152
35
170
64
88
220
235
161
233
141
105
166
6
124
218
127
193
220
23
48
0
131
31
252
243
133
93
131
201
240
84
31
127
207
235
38
167
49
152
38
51
246
227
72
213
118
90
19
97
122
69
16
162
173
162
172
79
140
86
247
27
168
249
145
216
141
0
116
119
251
230
93
132
0
233
104
12
33
64
161
165
153
217
106
120
189
10
219
180
201
158
184
171
235
201
185
46
221
37
57
33
247
128
255
185
36
24
215
157
176
239
76
101
234
213
254
58
165
140
34
192
102
160
31
223
76
188
67
160
83
142
110
56
124
35
130
91
64
121
132
47
201
235
104
185
14
142
37
107
60
157
20
48
111
107
27
71
246
228
55
156
239
151
129
185
160
55
16
206
229
12
109
252
182
191
78
220
162
55
242
195
17
208
180
25
180
215
192
35
109
214
120
208
115
28
153
115
221
157
95
120
253
143
79
21
180
93
66
230
166
185
187
88
163
174
95
199
153
222
196
112
45
114
251
69
98
39
248
2
107
94
163
124
53
32
60
213
207
139
207
122
195
14
198
158
225
62
72
239
249
49
90
57
111
7
231
192
196
56
218
203
203
58
32
18
185
160
0
6
133
157
229
103
198
99
80
88
174
102
118
100
164
188
140
60
214
5
125
182
131
38
111
37
168
105
214
190
173
66
94
159
226
119
253
254
204
128
79
122
204
250
117
143
84
205
16
40
10
159
82
162
223
36
6
144
218
109
161
57
150
247
109
14
80
136
36
233
205
170
150
17
119
229
167
84
139
112
166
172
163
71
252
20
23
205
20
181
102
115
183
48
166
12
202
89
101
187
157
5
199
131
96
28
149
22
15
255
4
218
238
18
232
130
141
78
159
219
177
241
200
109
253
208
158
186
80
216
170
219
148
191
205
190
226
38
217
142
189
16
246
168
76
147
128
99
114
232
143
150
129
68
5
137
29
101
185
215
247
84
185
18
196
195
178
128
165
216
69
78
153
72
236
159
100
152
17
124
20
98
217
141
31
21
31
104
36
128
36
201
17
7
242
205
63
8
42
14
102
156
235
57
143
59
34
212
24
0
51
13
222
158
47
85
142
163
158
176
10
246
44
174
19
202
216
66
213
123
125
54
146
125
135
235
155
76
235
177
57
107
214
178
17
52
68
154
27
7
178
147
159
235
77
117
224
148
174
186
100
120
19
73
65
76
195
106
182
93
251
170
210
204
195
85
36
6
68
159
228
33
75
13
43
227
14
28
59
181
69
252
32
221
187
47
111
4
61
238
71
124
243
16
229
184
156
200
90
54
28
0
189
78
46
98
222
172
62
8
173
54
89
96
85
234
149
173
24
170
44
118
81
59
108
161
10
145
33
215
153
146
15
11
151
220
56
84
217
245
122
247
31
33
210
104
223
152
63
56
168
253
102
212
131
187
93
17
109
35
89
205
172
34
254
78
243
105
104
61
149
26
67
148
213
2
93
33
147
30
166
214
178
92
29
55
179
64
82
0
70
83
24
235
161
236
222
116
94
212
169
119
60
101
49
243
139
224
59
34
58
102
148
131
1
95
240
24
24
228
198
100
247
229
122
81
231
166
157
87
244
91
215
160
7
185
132
170
189
227
133
61
50
236
66
200
213
135
52
3
180
88
62
249
221
185
82
150
219
185
64
250
47
112
145
59
139
101
238
69
165
234
143
43
55
134
154
106
181
28
27
131
51
65
134
128
177
114
55
135
56
223
236
100
204
45
24
95
62
232
129
253
111
213
230
15
29
184
13
126
152
64
5
82
27
99
119
10
148
2
123
182
250
195
189
115
127
53
241
111
158
128
122
202
18
145
210
71
188
172
168
199
11
11
239
139
179
107
189
56
244
99
192
65
30
234
94
99
75
179
230
63
160
214
20
151
250
239
41
201
173
227
210
84
24
172
243
54
93
145
110
84
237
48
54
221
105
103
57
228
5
18
106
243
253
9
147
238
220
96
194
155
234
235
120
35
231
248
250
228
136
79
4
217
131
181
149
181
204
103
143
85
63
94
0
100
201
224
213
132
31
79
163
61
113
102
187
89
12
91
18
30
53
20
140
132
225
162
234
132
230
74
59
51
97
61
183
96
201
13
248
217
107
77
248
90
177
248
0
41
200
25
176
102
94
116
116
205
63
250
225
229
46
52
110
46
166
126
18
169
103
196
170
19
215
146
151
169
198
106
66
140
135
158
20
250
158
209
47
148
174
233
63
137
31
42
30
216
106
49
102
115
19
156
247
234
247
25
178
99
112
21
25
155
210
187
86
244
187
248
157
169
149
36
12
132
152
221
148
157
184
107
158
96
223
245
50
223
138
62
254
42
152
110
98
229
63
173
222
101
63
155
79
73
125
56
98
56
198
33
218
174
135
172
220
130
100
197
191
191
217
211
105
4
145
12
56
223
65
155
243
164
47
50
116
171
46
81
36
217
59
142
40
162
228
27
248
134
8
253
239
11
56
159
46
7
249
71
135
107
102
119
143
216
92
70
54
106
230
171
113
229
123
212
31
56
181
215
78
34
169
140
39
144
65
99
125
176
35
137
255
97
86
234
11
1
139
196
194
45
56
5
144
191
122
127
227
198
233
85
21
74
65
20
158
0
139
57
30
115
3
103
143
225
89
68
107
9
244
122
84
59
