77
184
255
187
16
126
142
74
216
147
107
53
249
225
31
40
249
185
107
254
117
80
192
105
174
149
183
59
35
115
5
240
86
170
171
167
52
79
24
199
238
53
106
223
181
137
224
151
129
202
33
20
50
184
60
201
222
161
62
98
195
223
155
9
112
166
204
252
104
69
230
45
233
21
104
205
243
202
153
206
28
62
174
210
17
218
56
138
156
135
200
178
164
195
182
169
164
93
53
25
85
42
194
172
39
16
137
122
221
156
164
232
234
183
4
110
31
7
167
159
17
113
252
24
189
54
52
193
57
27
129
142
190
135
96
237
77
7
2
53
14
31
196
211
101
67
116
236
0
224
120
130
243
90
37
117
224
98
53
151
57
168
99
205
29
79
115
224
98
55
88
26
24
57
96
47
167
73
40
9
22
150
34
167
182
231
149
134
64
146
161
101
69
87
142
140
90
155
110
181
59
230
169
231
136
250
185
242
26
112
20
99
66
1
13
22
107
124
248
254
110
88
61
52
113
120
6
83
151
191
80
152
231
39
79
168
39
94
32
155
237
191
77
21
194
145
85
234
216
54
15
165
173
254
86
86
238
124
221
247
65
75
229
180
139
111
161
89
72
109
104
201
1
145
30
14
250
249
5
107
132
72
247
89
178
214
197
176
243
35
128
72
17
91
237
233
14
86
236
73
206
204
165
131
229
237
192
4
76
159
93
247
105
21
241
55
15
191
101
31
166
215
245
182
143
81
68
66
178
138
129
162
71
122
34
93
142
24
134
29
143
91
80
166
25
154
243
246
221
17
97
111
173
135
207
151
26
60
90
192
107
114
102
82
41
30
243
251
167
138
126
226
153
217
49
177
205
205
78
157
149
248
60
220
143
148
197
240
203
145
221
254
29
130
219
177
53
73
243
230
114
86
209
57
126
96
167
176
186
255
157
61
210
94
166
154
89
173
56
117
43
90
163
16
200
192
7
222
237
222
133
216
109
93
113
30
138
203
248
116
134
126
27
56
90
66
2
163
120
142
124
183
164
38
165
180
147
62
191
38
60
11
7
32
210
80
65
40
175
44
132
225
136
41
173
22
127
213
205
213
160
21
247
231
94
237
109
94
240
200
229
81
156
74
222
225
91
99
93
224
