204
31
9
106
128
222
139
31
154
25
107
126
44
111
193
168
182
246
17
212
245
88
8
185
191
153
241
77
67
171
71
131
220
161
142
117
79
219
116
58
136
213
144
50
252
246
180
121
165
132
183
155
138
242
2
185
223
201
255
235
85
99
81
102
244
175
24
131
81
96
125
53
61
72
221
232
204
108
233
67
169
46
196
33
222
205
53
157
85
150
142
76
35
243
243
83
114
78
151
114
156
146
196
29
230
113
162
224
43
191
82
91
19
87
18
52
145
194
196
246
183
171
143
70
97
20
225
152
40
48
128
190
222
196
143
62
254
36
2
57
231
16
212
231
153
150
165
77
213
143
198
158
159
103
25
155
245
76
254
221
107
70
86
135
15
248
160
126
52
48
116
38
160
165
156
137
19
173
110
4
156
112
42
142
161
234
122
156
168
238
192
133
120
105
133
33
95
98
96
175
253
221
163
118
159
164
198
36
80
27
30
37
17
190
142
17
115
86
89
75
22
98
85
174
237
185
77
205
122
125
87
252
88
155
9
29
205
70
41
141
47
79
51
7
124
4
148
222
22
63
108
121
20
131
172
140
128
17
28
226
106
224
204
185
92
129
254
246
158
194
19
2
63
196
16
184
69
6
52
48
112
35
52
230
204
196
17
2
132
223
228
230
147
77
179
148
45
17
33
213
122
223
193
198
241
227
35
57
88
117
9
9
97
115
222
227
94
1
63
3
103
19
140
113
22
25
162
54
197
64
245
48
127
221
64
12
55
235
151
113
143
35
62
146
160
77
240
207
192
142
77
217
21
241
227
121
161
26
220
122
164
250
58
75
79
124
217
210
237
171
120
91
210
187
193
136
217
200
242
52
234
231
104
67
145
243
200
167
143
208
114
24
188
62
112
198
148
74
190
113
131
241
234
201
182
97
132
117
112
121
123
12
134
131
111
57
110
191
254
8
251
77
112
182
94
12
201
50
178
33
112
63
213
188
233
19
168
139
86
239
195
139
249
166
87
78
103
6
166
101
157
234
246
1
66
28
91
193
13
213
195
11
192
8
101
161
221
43
234
77
223
120
100
20
208
105
188
187
203
220
64
105
3
188
195
145
237
27
2
86
182
84
212
224
165
32
247
199
21
69
165
18
40
182
189
162
167
19
92
94
151
182
11
39
123
145
75
107
84
6
139
175
17
215
51
192
63
197
56
6
53
187
57
249
206
220
144
197
54
74
180
130
73
218
180
247
108
59
155
33
210
116
195
89
205
195
108
89
38
142
124
91
137
63
240
184
208
147
33
191
69
34
147
123
68
13
180
55
99
17
35
82
70
75
29
84
194
8
58
177
228
236
79
210
211
94
163
167
134
245
165
241
125
125
93
128
5
135
198
30
92
85
59
3
129
244
69
220
223
101
96
0
235
19
232
33
32
172
73
43
80
0
151
45
125
129
148
86
90
119
249
75
26
119
104
161
246
239
180
211
126
215
38
244
175
57
220
8
12
228
142
11
5
125
148
194
84
223
119
209
158
151
180
208
46
109
160
153
221
20
37
127
118
234
16
185
222
145
86
0
72
136
111
170
210
12
139
83
200
73
51
214
181
68
17
141
121
191
244
176
183
10
246
124
88
126
46
53
87
83
79
49
200
107
183
105
167
176
65
186
26
120
251
61
76
173
210
213
46
228
6
162
215
230
206
255
249
119
11
43
180
14
33
250
178
192
215
210
111
1
61
110
3
213
68
50
114
47
245
197
219
146
247
107
35
95
166
146
202
49
229
96
72
219
219
138
212
255
231
34
255
37
146
130
117
32
196
255
89
180
89
219
143
106
230
234
11
117
16
178
29
53
22
80
179
205
172
59
178
95
153
235
180
113
125
48
117
207
217
70
159
97
204
123
18
30
220
151
99
166
231
51
249
51
57
211
203
246
137
80
228
118
176
232
4
116
202
129
223
194
160
164
205
199
164
54
252
3
217
128
134
48
174
248
53
4
56
236
25
89
88
165
175
112
99
159
136
22
213
249
113
220
29
76
210
236
46
191
203
58
201
119
55
160
29
15
58
234
141
42
22
198
133
73
147
175
168
25
189
91
26
144
0
91
77
24
59
221
159
146
69
161
6
222
7
252
32
210
137
172
54
38
28
239
116
100
245
51
33
81
46
111
31
158
2
129
4
28
107
29
198
244
98
62
189
141
42
31
127
220
238
157
117
226
230
229
156
228
175
63
237
134
46
8
76
64
81
96
42
85
62
241
30
19
79
172
210
155
144
40
116
187
126
184
19
122
118
218
53
1
63
213
145
203
82
177
19
13
171
82
187
55
227
159
40
44
116
101
149
119
80
106
88
94
241
209
61
44
84
174
46
187
43
34
177
213
122
38
19
132
52
183
43
244
114
71
86
59
230
222
250
186
140
80
51
119
248
33
51
118
7
89
10
252
197
24
70
248
73
216
83
246
183
173
125
63
235
68
60
32
43
145
130
65
100
81
107
170
110
138
208
60
10
36
124
252
83
45
201
238
198
157
229
63
2
161
230
162
211
56
96
16
119
15
187
47
17
32
53
204
52
158
20
228
1
121
73
138
38
65
243
53
81
71
162
211
66
156
194
178
170
166
109
202
212
104
180
186
201
37
129
172
188
35
97
215
250
102
14
195
119
98
88
68
138
56
102
235
251
138
194
223
67
109
178
37
219
62
7
156
173
147
142
49
221
174
159
123
218
57
76
226
58
75
165
48
214
75
103
161
33
4
169
191
179
244
251
238
224
68
123
248
165
170
192
50
168
251
239
167
103
121
1
119
114
32
139
20
229
67
143
219
246
224
252
8
54
45
187
59
52
212
64
137
73
48
203
27
101
7
86
112
220
58
36
216
89
139
117
205
111
230
125
45
156
141
183
7
223
30
110
163
18
146
112
51
174
44
128
234
156
220
140
23
86
130
21
135
5
157
175
249
150
155
247
171
139
55
177
241
81
255
33
166
201
105
134
169
88
219
9
238
198
218
115
199
114
238
133
104
243
191
111
83
66
122
18
242
240
25
180
148
34
127
241
173
82
86
163
75
18
232
90
213
47
171
171
38
50
68
215
91
236
115
126
7
102
73
135
167
57
123
49
64
127
192
144
181
157
8
175
156
204
105
158
81
178
56
57
94
218
43
208
44
158
140
17
148
52
90
39
5
53
18
221
121
31
105
222
35
221
21
210
122
251
191
69
1
150
252
203
117
235
103
78
15
11
120
192
5
26
40
254
76
237
8
24
179
88
182
67
49
188
4
61
217
48
131
101
52
97
104
1
113
1
41
55
2
57
27
134
92
247
139
128
15
5
91
173
2
100
54
95
208
65
68
53
106
26
245
171
228
152
84
67
139
199
132
255
227
196
224
150
156
118
177
140
63
22
10
72
228
105
85
64
240
185
187
251
55
158
37
114
14
155
156
204
206
71
85
222
23
239
41
244
122
34
157
248
156
229
249
177
177
175
52
13
119
108
95
51
154
247
203
19
57
107
26
20
55
68
70
171
171
36
183
18
230
67
217
63
50
243
221
178
131
252
187
119
122
94
158
124
126
92
214
235
85
195
200
138
93
247
55
166
81
195
60
165
107
85
252
141
24
29
35
153
164
102
221
37
210
5
70
77
212
60
168
76
133
93
187
143
48
21
129
54
87
71
221
246
132
102
75
193
65
160
177
168
198
255
85
113
120
197
108
235
117
177
23
177
152
165
204
68
86
144
89
178
195
56
250
127
95
19
19
127
115
18
90
216
22
108
68
128
170
216
95
20
119
100
94
199
157
248
206
152
216
124
97
3
1
171
134
88
214
86
178
33
8
125
105
47
11
247
93
72
217
0
249
25
229
176
85
127
244
74
165
203
213
166
17
245
133
154
0
35
130
39
255
128
7
129
107
74
110
82
41
15
179
174
22
120
53
254
77
142
160
93
33
50
142
5
87
179
250
104
100
43
170
129
59
255
200
35
51
49
117
81
245
224
14
186
252
71
253
239
42
86
76
69
162
232
92
159
0
252
4
191
116
255
129
124
169
58
237
167
122
198
132
58
130
135
115
9
206
214
69
63
226
17
88
228
80
48
176
65
216
227
212
123
47
25
96
199
88
218
35
103
203
106
37
18
204
65
9
176
82
48
75
87
144
105
162
55
180
12
41
12
75
195
162
24
73
115
19
60
206
125
162
194
163
88
24
87
58
115
242
43
154
95
242
85
105
135
225
222
174
11
116
173
253
236
215
113
178
234
91
251
158
45
67
159
141
192
37
232
82
74
24
121
19
170
86
208
171
171
82
228
96
37
185
206
38
91
21
191
126
126
162
195
27
122
25
31
122
135
132
169
25
183
90
103
69
209
162
17
240
1
212
176
152
7
125
50
5
163
120
84
237
121
234
177
33
161
61
57
97
84
255
6
48
233
6
215
34
37
68
55
53
216
184
225
87
32
208
187
71
160
195
110
108
180
186
253
88
120
126
140
205
234
49
189
50
2
113
17
40
91
182
44
118
150
209
60
171
231
216
197
60
