63
139
122
167
237
234
218
218
10
166
12
162
57
185
88
107
42
132
130
212
112
37
183
155
189
55
107
48
111
206
26
201
15
66
16
53
193
121
72
55
82
134
129
39
15
177
71
228
9
162
99
194
186
222
83
97
204
88
216
119
96
234
26
4
5
60
194
244
61
254
21
151
182
211
33
98
221
57
113
64
235
13
210
146
123
192
59
136
133
144
121
181
25
126
88
250
217
179
65
84
29
228
132
141
60
9
124
136
27
104
133
113
29
194
140
146
92
74
60
70
249
27
62
119
167
222
137
190
252
216
205
63
23
36
114
105
54
155
249
60
211
82
197
48
131
96
40
112
101
138
31
185
5
3
198
32
255
75
202
185
223
37
1
245
62
220
102
197
61
161
251
43
200
65
24
200
6
25
27
149
48
18
138
130
105
125
233
253
112
103
73
11
248
46
255
134
63
60
115
191
32
182
173
175
176
160
86
135
30
116
100
92
28
224
120
120
9
118
166
191
189
236
16
124
90
239
18
236
206
48
241
223
159
81
42
148
61
37
168
92
17
236
14
245
219
216
194
131
243
79
175
213
98
40
178
235
172
250
162
36
109
170
54
9
6
195
77
233
57
18
175
176
142
18
187
4
209
243
60
230
249
100
46
186
98
65
176
113
154
84
228
243
70
43
90
240
83
167
218
165
74
157
8
83
46
91
22
65
215
80
231
7
18
69
54
119
165
59
254
178
242
45
75
227
108
17
204
241
194
123
194
245
140
217
65
244
221
210
220
217
39
50
110
56
138
94
101
91
246
132
11
225
90
1
164
116
235
250
128
4
145
35
238
33
7
177
33
93
155
26
134
99
240
103
103
44
181
26
115
244
58
44
54
77
222
113
238
82
8
15
241
149
15
41
182
13
151
228
27
145
65
4
14
180
58
244
80
107
187
142
189
56
143
105
107
136
231
152
224
125
131
149
209
56
14
79
183
136
145
89
238
3
92
43
91
167
102
6
91
201
239
2
159
64
164
44
217
174
255
74
44
59
23
104
22
117
218
213
16
216
166
33
206
102
47
82
49
158
1
53
254
61
45
26
126
72
88
251
55
39
69
22
181
9
226
217
171
235
215
82
197
40
160
102
26
41
89
253
238
23
24
246
247
21
132
61
33
144
196
81
27
167
66
78
75
96
255
166
176
90
243
51
160
240
252
145
240
190
95
132
35
121
210
96
240
132
136
142
118
102
203
54
45
215
156
52
56
80
134
95
6
78
195
78
196
142
116
244
146
76
60
115
15
183
105
31
146
54
160
87
254
235
191
22
86
41
57
203
170
176
136
130
234
183
31
91
238
230
131
133
1
75
219
158
241
22
158
22
98
173
222
233
254
206
91
216
213
11
245
138
202
65
108
62
151
20
129
79
82
117
107
147
236
117
193
177
203
244
170
129
226
22
108
0
211
16
200
15
15
35
201
126
235
204
84
254
144
155
248
228
53
175
99
250
12
158
82
72
223
83
128
11
55
225
167
70
226
225
230
42
116
244
227
53
29
1
155
229
12
175
25
99
133
223
134
78
242
41
93
196
146
81
170
211
49
236
237
229
152
60
175
203
96
28
181
246
130
213
159
22
99
66
104
183
160
45
81
219
37
45
81
185
245
86
43
174
207
134
137
156
169
118
234
133
75
185
32
167
99
125
120
157
117
131
178
153
237
8
247
119
224
60
128
192
85
132
137
59
215
229
64
151
116
86
101
130
158
20
170
134
212
173
185
111
141
203
253
150
219
187
181
68
201
126
22
204
201
15
5
35
141
20
14
181
244
225
212
140
197
202
197
179
171
112
178
197
211
118
12
12
84
36
214
29
125
216
47
111
74
76
159
88
232
96
9
107
64
239
145
136
71
185
68
67
178
231
180
34
77
76
126
48
171
54
233
124
27
100
150
127
66
116
227
195
173
83
253
11
63
177
113
201
223
45
16
127
14
65
106
196
231
8
227
193
55
163
34
75
234
167
54
16
221
56
200
196
241
209
29
241
198
229
139
114
36
112
71
57
99
78
141
38
34
46
89
141
148
115
30
238
61
84
26
36
54
128
22
16
166
249
155
106
196
32
159
152
151
77
96
198
32
227
139
251
84
132
75
152
146
62
110
45
27
236
118
208
218
73
238
45
217
152
237
91
41
34
209
0
187
162
7
19
20
198
106
194
213
92
168
157
193
223
139
125
88
42
232
128
127
15
139
23
56
87
176
167
213
131
122
91
45
21
197
91
12
242
59
137
70
0
4
153
247
142
57
53
154
218
97
6
159
138
174
148
56
222
147
137
22
247
206
34
139
109
125
168
60
199
112
54
248
217
96
172
57
153
56
241
41
78
16
79
194
42
189
141
236
192
107
230
82
228
173
216
24
142
47
36
204
109
213
115
204
85
138
18
21
17
219
223
113
36
242
172
25
123
200
16
60
25
63
198
109
227
55
241
240
204
168
154
42
5
188
204
155
11
154
13
178
82
103
56
131
86
0
72
188
80
62
139
248
94
144
56
135
133
1
37
254
174
19
254
237
73
155
198
152
113
42
20
142
136
18
117
87
74
18
17
181
145
137
217
99
140
171
150
212
68
90
216
12
45
47
85
44
2
63
91
55
211
233
255
150
53
230
62
209
129
244
120
243
86
84
205
204
205
149
144
115
193
206
16
43
220
210
18
31
234
234
24
114
77
229
62
2
95
151
254
138
65
149
77
170
67
213
20
83
38
202
137
117
51
189
89
80
74
5
125
148
254
87
232
91
240
49
255
123
2
60
50
132
165
74
53
116
243
222
207
9
89
121
125
152
145
195
114
81
100
10
160
58
147
44
121
196
37
27
165
101
197
98
212
144
33
130
198
137
154
126
40
123
34
227
182
140
207
173
168
177
244
39
101
93
227
118
94
197
133
23
56
18
91
229
63
116
215
30
148
52
64
233
54
186
250
94
88
53
36
196
198
180
142
229
15
125
71
107
128
141
114
0
128
74
226
171
254
44
217
15
49
210
157
8
159
239
56
171
251
164
236
177
149
39
38
164
162
54
236
75
177
174
47
56
121
228
155
127
82
93
29
14
193
243
113
254
9
25
212
173
125
6
146
48
132
61
60
197
163
203
104
218
56
140
225
119
130
233
9
4
225
154
42
252
127
107
66
144
25
165
3
152
139
152
93
7
76
223
59
48
6
190
245
172
6
198
64
186
243
137
100
163
16
245
205
69
118
49
56
247
250
92
236
35
218
228
72
6
185
18
100
131
166
191
39
112
237
163
14
85
73
193
61
153
240
218
217
43
136
53
37
103
105
78
9
236
13
70
244
8
69
153
190
188
9
134
125
134
115
138
12
163
124
185
136
10
3
134
4
158
4
71
183
16
241
19
67
234
13
146
80
137
167
47
175
129
138
197
206
190
250
92
89
196
61
169
98
29
174
38
80
129
126
13
144
168
102
145
48
16
91
169
93
74
241
225
239
188
28
243
194
235
92
92
233
116
60
169
44
147
220
87
5
51
5
255
112
130
218
4
160
250
117
225
222
104
212
198
58
203
78
126
221
191
44
245
50
55
79
145
170
57
18
119
224
230
50
175
75
186
223
187
80
103
76
148
196
48
171
152
85
136
188
205
209
252
90
158
170
32
173
43
251
156
46
183
151
3
188
146
143
231
51
215
168
63
186
213
80
70
83
82
236
2
255
139
203
4
253
254
192
96
77
197
11
4
189
180
43
207
214
122
236
254
67
168
138
173
179
79
49
155
86
116
114
159
166
6
158
255
17
205
67
81
123
224
219
164
162
15
35
115
186
254
32
105
198
119
62
161
35
161
134
24
125
36
69
129
171
57
66
196
132
48
7
219
77
209
145
6
98
188
3
203
147
18
148
216
124
183
243
226
38
179
95
2
186
125
81
227
45
229
65
53
9
159
168
44
117
10
124
142
116
200
195
197
175
156
122
251
117
190
187
60
59
109
17
60
232
163
202
110
188
253
146
120
75
15
65
248
229
73
44
254
180
247
142
112
2
67
124
117
121
115
84
154
169
190
204
151
11
217
129
65
20
77
190
117
80
132
59
74
9
175
111
155
77
104
20
129
137
73
93
163
255
223
85
250
2
131
84
140
210
149
240
56
16
127
194
120
171
186
191
234
89
36
252
253
243
208
60
60
75
227
212
105
183
231
65
79
249
151
54
152
191
223
169
73
2
23
197
179
88
233
29
44
236
127
56
158
95
210
159
9
0
187
137
219
191
88
8
102
86
176
172
132
56
110
116
65
254
30
65
159
22
44
149
144
22
32
83
109
188
42
43
242
44
249
249
106
102
14
54
60
195
116
18
84
44
84
201
7
114
212
51
225
120
6
109
211
126
143
215
3
140
246
180
167
39
181
43
238
91
198
157
170
53
214
176
245
255
26
196
80
160
96
248
102
124
45
82
179
16
136
181
138
101
194
46
112
247
181
224
157
90
70
102
24
43
114
37
141
101
60
5
15
52
128
165
200
190
1
154
253
34
101
250
30
175
87
230
73
159
72
227
196
41
118
79
55
172
77
234
10
185
109
235
187
20
245
168
186
127
230
12
167
47
184
246
45
182
252
27
115
59
219
147
97
232
96
139
159
185
235
208
38
25
212
166
94
81
41
104
108
126
175
223
77
244
178
204
174
12
117
226
182
152
177
55
161
13
153
155
253
174
234
75
176
200
59
222
82
28
39
128
12
92
148
32
241
124
98
43
178
21
112
64
186
88
96
150
200
24
53
31
244
36
213
20
185
208
163
161
147
22
193
206
249
108
68
220
178
253
101
7
42
201
168
182
208
223
224
244
24
240
138
249
97
86
59
173
173
54
175
200
254
99
67
1
143
2
80
177
12
168
211
137
191
138
175
133
164
202
16
99
67
88
151
232
249
102
69
148
228
143
100
22
104
181
247
252
89
62
186
234
208
220
156
15
226
119
145
7
177
95
150
78
35
72
195
106
202
17
206
182
230
110
167
154
110
137
172
71
52
217
87
181
179
231
101
40
130
47
116
195
115
183
170
110
34
211
85
165
75
245
231
213
125
161
10
24
191
250
141
57
133
201
154
11
101
184
218
191
170
77
159
227
186
4
46
22
84
160
201
138
66
238
183
164
207
54
52
2
24
68
94
31
172
126
154
251
12
240
16
44
62
151
139
111
241
241
124
249
60
43
75
32
205
210
72
234
184
43
152
178
140
73
242
72
138
37
95
2
32
232
50
224
135
188
91
206
228
197
121
187
122
155
252
214
132
55
21
140
230
29
198
3
78
112
94
252
74
213
39
61
12
27
30
186
112
168
138
31
55
51
158
193
72
148
122
95
242
98
3
191
201
31
248
79
214
123
45
41
5
28
80
123
133
187
19
116
55
146
16
149
66
131
195
143
16
237
144
43
158
66
115
32
254
229
92
218
163
237
49
230
8
198
206
146
50
101
166
5
202
97
51
40
95
250
206
54
138
210
145
25
26
253
188
121
20
240
75
199
86
145
91
174
253
220
164
237
58
244
8
157
71
180
40
50
187
245
59
193
38
154
229
144
22
175
135
231
85
233
77
238
100
241
56
202
211
76
136
181
57
253
180
189
38
74
163
27
175
5
166
88
249
155
230
133
229
91
246
85
195
185
252
90
121
143
1
88
234
92
225
217
164
77
72
78
117
97
32
200
167
173
23
35
15
237
156
245
180
178
182
67
107
240
80
152
141
56
107
83
94
133
92
179
59
69
11
252
158
149
27
220
24
76
52
16
26
116
228
10
20
197
215
202
52
88
97
161
125
51
50
198
55
244
223
140
62
217
130
111
28
110
199
198
140
207
20
49
49
17
99
103
235
199
229
0
220
143
210
141
75
85
170
129
85
51
128
22
101
52
251
246
176
89
109
226
207
236
173
195
223
88
13
224
203
30
57
72
145
135
215
134
18
147
197
196
123
232
133
251
31
59
143
25
54
200
95
105
175
44
91
161
249
109
210
195
76
106
28
90
120
236
176
249
173
35
33
14
223
99
189
143
82
153
192
253
233
32
199
124
205
98
69
175
124
189
65
202
71
158
205
70
216
128
102
192
134
101
227
116
98
79
233
197
152
235
111
156
157
58
57
95
41
81
222
89
207
197
57
124
107
98
93
118
188
206
115
124
154
163
111
156
194
155
197
220
129
90
203
73
85
0
165
186
242
200
205
17
14
62
154
97
62
2
181
129
73
231
239
33
174
166
73
157
240
206
126
86
93
26
137
197
113
113
181
179
159
20
205
29
204
20
91
40
124
183
192
198
223
141
153
150
211
237
215
40
188
155
160
199
196
98
152
75
212
161
31
103
174
164
28
157
81
124
156
211
241
84
125
237
152
219
103
17
161
133
104
167
87
135
251
200
121
231
174
86
92
231
10
158
41
24
251
138
121
168
176
27
198
43
158
79
239
239
60
142
244
19
207
220
139
207
183
212
10
22
121
93
116
55
132
227
161
234
197
86
233
126
106
89
219
240
44
3
159
65
80
141
235
38
221
227
245
145
244
227
201
19
129
92
37
77
239
204
18
161
50
69
35
144
66
147
218
194
157
123
214
157
46
26
93
51
155
145
220
70
99
241
15
106
93
133
58
40
163
72
162
141
154
245
208
247
12
20
200
89
61
167
45
88
35
172
196
215
58
69
175
127
88
169
222
252
76
23
72
208
214
205
82
230
74
213
237
172
111
176
186
180
251
70
136
57
207
24
95
169
151
213
163
202
169
232
98
103
62
21
144
116
156
167
138
152
241
93
59
109
225
92
