50
155
224
106
222
247
7
21
20
104
249
199
53
72
204
235
180
133
46
217
156
67
118
10
125
127
41
129
85
89
229
179
81
192
15
170
38
17
17
46
108
100
33
91
248
97
17
157
34
94
247
226
143
237
148
255
73
53
245
227
143
88
103
235
180
131
191
189
224
147
60
196
59
93
208
127
110
10
42
132
227
23
225
191
19
226
231
43
49
4
80
8
161
144
57
23
114
216
83
90
171
79
181
220
168
100
128
196
100
117
175
71
169
239
52
197
14
20
183
72
42
18
142
163
70
129
221
255
250
92
102
69
87
142
2
178
85
34
104
233
70
57
176
42
237
4
147
9
212
143
123
63
122
30
175
175
45
21
119
89
173
232
229
38
237
243
240
103
28
135
160
40
106
190
246
101
154
105
183
12
217
169
160
101
18
145
247
109
134
136
172
87
16
152
191
136
230
112
126
23
194
93
197
28
12
215
147
161
162
239
231
219
239
82
227
240
71
170
153
245
37
55
152
147
114
6
190
207
27
115
29
16
77
106
214
190
177
119
252
116
13
210
163
116
238
249
103
90
23
1
136
212
87
129
165
123
48
104
51
14
25
56
104
15
84
199
160
34
70
110
235
11
76
249
108
104
36
251
37
153
234
51
253
236
48
34
133
78
25
132
40
22
213
216
42
13
135
113
66
125
238
214
70
35
12
15
116
126
167
229
234
186
206
227
26
0
65
245
171
145
151
128
79
200
202
108
51
220
202
85
252
37
221
95
33
17
164
131
163
137
121
221
136
71
54
190
220
224
123
44
238
39
114
18
21
252
125
31
187
3
162
88
119
254
161
250
16
202
169
108
222
218
136
92
155
184
37
10
30
83
12
9
212
135
8
131
164
86
220
147
128
114
228
238
133
171
79
130
215
36
239
207
168
126
135
170
240
192
85
163
76
236
52
240
117
103
189
160
239
77
248
49
208
151
43
226
81
44
97
195
185
157
67
168
188
198
192
97
130
31
248
101
235
196
233
237
153
238
179
129
20
169
25
139
9
54
98
224
11
163
69
9
224
34
53
117
1
59
221
130
53
128
126
254
163
232
45
251
89
204
186
76
125
133
186
56
83
68
151
208
144
221
131
11
213
199
148
80
101
100
153
96
25
219
169
29
65
228
194
147
33
166
155
132
105
133
31
110
5
80
108
180
175
229
190
200
50
93
40
128
172
25
220
84
128
142
55
44
6
90
239
103
148
194
84
5
7
122
53
218
83
30
22
170
168
150
229
228
106
169
232
161
201
110
130
178
131
55
81
119
161
61
210
131
182
39
214
168
57
179
46
154
163
15
6
164
87
159
216
220
209
31
234
40
173
60
152
169
40
156
17
99
117
134
167
210
38
13
155
53
22
16
243
219
174
189
142
97
12
25
34
31
221
123
114
46
151
196
218
198
19
226
207
61
15
111
205
55
93
103
41
199
8
3
110
218
94
129
96
175
47
128
216
69
0
160
77
82
26
144
184
134
162
200
169
197
247
63
199
53
47
122
101
9
170
184
237
162
83
33
158
190
200
157
10
76
87
177
69
124
40
158
46
141
55
196
195
45
93
59
29
145
164
182
73
186
211
143
51
185
173
203
213
6
234
248
253
215
93
73
126
199
196
250
125
94
144
19
92
254
148
17
192
135
94
23
230
42
115
143
20
176
23
166
113
217
167
221
130
239
203
232
211
25
40
53
216
242
64
119
25
170
107
222
25
90
131
19
159
12
172
62
49
233
218
190
60
84
234
141
12
161
45
204
250
43
18
209
172
241
208
27
60
219
128
229
218
30
107
37
208
101
119
107
71
142
210
210
38
40
4
167
142
239
244
25
215
130
43
133
126
204
22
35
46
250
166
1
200
127
223
121
134
44
75
239
55
20
5
58
60
16
194
146
131
199
150
64
20
65
205
49
66
33
178
64
188
20
231
180
53
105
223
91
36
234
230
82
210
82
223
5
134
34
162
168
33
44
241
162
200
192
178
173
138
222
83
203
19
249
55
89
87
47
174
160
127
46
101
161
223
213
47
134
1
253
176
152
134
142
121
116
140
43
161
202
214
164
253
65
42
108
38
135
228
226
47
94
250
235
226
112
66
151
15
67
42
146
41
31
101
227
240
110
233
56
34
151
93
197
231
189
190
212
128
165
229
189
246
80
114
68
115
195
66
203
240
73
83
224
65
249
241
218
64
19
25
249
231
1
121
9
53
143
201
11
142
92
231
103
194
142
153
247
77
38
158
133
124
9
